	25544
0.3	1
0.4	1
1	9
1.5	1
10	18
11	13
12	17
13	15
14	16
15	13
16	16
17	30
18	33
19	28
2	7
20	47
21	54
22	46
23	43
24	57
25	57
26	56
27	54
28	50
28-35	4
29	33
3	8
30	60
31	30
32	74
33	48
34	46
35	89
36	50
37	40
38	54
39	43
4	4
40	63
41	37
42	36
43	35
44	26
45	58
46	31
47	40
48	40
49	20
5	5
50	60
51	20
52	42
53	18
54	28
55	57
56	18
57	26
58	25
59	17
6	11
60	55
61	15
62	12
63	24
64	18
65	50
66	16
67	16
68	18
69	13
7	12
70	22
71	3
72	10
73	5
74	6
75	11
76	7
77	3
78	4
79	2
8	14
80	10
81	3
85	3
88	1
89	1
9	9
90	2
92	1
96	1
98	1
Age Bracket	1
